Distance Matrix
 ,p1,p2,p3,p4,p5,p6,
p1,0,1.41421,4.24264,7.07107,9.8995,10,
p2,1.41421,0,2.82843,5.65685,8.48528,8.60233,
p3,4.24264,2.82843,0,2.82843,5.65685,5.83095,
p4,7.07107,5.65685,2.82843,0,2.82843,3.16228,
p5,9.8995,8.48528,5.65685,2.82843,0,1.41421,
p6,10,8.60233,5.83095,3.16228,1.41421,0,

Point,Cluster
p1,1
p2,1
p3,2
p4,3
p5,3
p6,3

Final Centroids
Cluster 1: (1.5, 2.5)
Cluster 2: (4, 5)
Cluster 3: (7.66667, 8)
